Intermediate:
1) [0, 0, 0, 0, 0, 0, 0, 0, 0, 0], 
2) [0, 0, 0, 0, 0, 0, 0, 0, 0, 9381], 
3) [0, -6475, 0, 0, 0, 0, 0, 0, 0, 9381], 
4) [0, -6475, 0, 0, 0, 0, -439, 0, 0, 9381], 
5) [-7538, -6475, 0, 0, 0, 0, -439, 0, 0, 9381], 
6) [-7538, -6475, -5335, 0, 0, 0, -439, 0, 0, 9381], 
7) [-7538, -6475, -5335, 0, -1459, 0, -439, 0, 0, 9381], 
8) [-7538, -6475, -5335, 0, -1459, 0, -439, 0, 2858, 9381], 
9) [-7538, -6475, -5335, 0, -1459, -1028, -439, 0, 2858, 9381], 
10) [-7538, -6475, -5335, 0, -1459, -1028, -439, 869, 2858, 9381], 
11) [-7538, -6475, -5335, -2770, -1459, -1028, -439, 869, 2858, 9381]
Count sort time for size = 10 in micro = 409
Count sort time for size = 10 in milli = 0
