Intermediate:
1) [0, 0, 0, 0, 0, 0, 0, 0, 0], 
2) [0, -6475, 0, 0, 0, 0, 0, 0, 0], 
3) [0, -6475, 0, 0, 0, 0, -439, 0, 0], 
4) [-7538, -6475, 0, 0, 0, 0, -439, 0, 0], 
5) [-7538, -6475, -5335, 0, 0, 0, -439, 0, 0], 
6) [-7538, -6475, -5335, 0, -1459, 0, -439, 0, 0], 
7) [-7538, -6475, -5335, 0, -1459, 0, -439, 0, 2858], 
8) [-7538, -6475, -5335, 0, -1459, -1028, -439, 0, 2858], 
9) [-7538, -6475, -5335, 0, -1459, -1028, -439, 869, 2858], 
10) [-7538, -6475, -5335, -2770, -1459, -1028, -439, 869, 2858]