Splitting
|->> initial
1) [-2770, 869, -1028, 2858, -1459, -5335, -7538, -439, -6475]
2) [-2770, 869, -1028, 2858, -1459], [-5335, -7538, -439, -6475]
3) [-2770, 869, -1028], [2858, -1459], [-5335, -7538], [-439, -6475]
4) [-2770, 869], [-1028], [2858], [-1459], [-5335], [-7538], [-439], [-6475]
5) [-2770], [869]
merging
1) [-2770], [869]
2) [-2770, 869], [-1028], [2858], [-1459], [-5335], [-7538], [-439], [-6475]
3) [-2770, -1028, 869], [-1459, 2858], [-7538, -5335], [-6475, -439]
4) [-2770, -1459, -1028, 869, 2858], [-7538, -6475, -5335, -439]
5) [-7538, -6475, -5335, -2770, -1459, -1028, -439, 869, 2858]
|_>> Sorted Array
